1,[1032.5, 431.0]; 2,[2367.0, 37.0]; 3,[25.0, 563.5]; 4,[1664.0, 121.0]; 5,[1946.5, 25.0]; 6,[2034.5, 38.5]; 7,[1483.0, 143.5]; 8,[746.0, 326.5]; 9,[1243.0, 203.0]; 10,[1119.0, 1321.5]; 11,[2360.0, 238.0]; 12,[1193.0, 255.0]; 13,[2146.0, 477.5]; 14,[1948.0, 170.0]; 15,[1328.5, 461.5]; 16,[2411.5, 520.0]; 17,[143.5, 154.0]; 18,[1173.0, 358.5]; 
1,[1037.0, 428.5]; 2,[2373.0, 29.0]; 3,[24.5, 563.0]; 5,[1944.0, 25.0]; 6,[2032.5, 38.5]; 7,[1479.5, 143.5]; 8,[742.5, 325.0]; 9,[1234.0, 207.5]; 10,[1126.0, 1317.5]; 11,[2360.0, 237.5]; 12,[1184.0, 257.5]; 13,[2146.0, 478.0]; 14,[1954.5, 167.0]; 15,[1333.0, 461.5]; 16,[2410.0, 519.0]; 17,[138.5, 157.0]; 18,[1181.0, 355.5]; 19,[1662.0, 145.5]; 
1,[1046.0, 428.0]; 2,[2378.0, 27.0]; 3,[23.5, 549.5]; 5,[1940.5, 25.0]; 6,[2029.5, 40.0]; 7,[1476.5, 144.5]; 8,[740.0, 323.0]; 9,[1228.0, 210.0]; 10,[1133.0, 1313.5]; 11,[2360.5, 235.5]; 12,[1174.5, 259.0]; 13,[2146.5, 477.0]; 14,[1964.5, 163.5]; 15,[1338.0, 459.5]; 16,[2408.5, 517.5]; 17,[136.0, 159.5]; 18,[1188.0, 353.5]; 19,[1652.5, 146.0]; 20,[2077.5, 392.0]; 
1,[1057.5, 425.0]; 2,[2383.5, 26.5]; 3,[23.0, 541.5]; 5,[1938.0, 25.0]; 6,[2025.0, 42.5]; 7,[1472.0, 145.5]; 8,[725.5, 326.0]; 9,[1220.5, 210.5]; 10,[1141.5, 1309.0]; 11,[2360.5, 232.5]; 12,[1165.5, 260.0]; 13,[2146.5, 477.0]; 14,[1971.5, 161.0]; 15,[1342.0, 458.0]; 16,[2403.5, 519.5]; 17,[134.0, 162.5]; 18,[1196.5, 350.5]; 19,[1641.5, 149.0]; 
1,[1066.5, 423.0]; 2,[2387.5, 25.5]; 3,[21.5, 534.0]; 5,[1930.0, 25.5]; 6,[2020.0, 45.0]; 7,[1467.5, 147.0]; 8,[719.0, 324.0]; 9,[1213.0, 212.0]; 10,[1147.5, 1305.0]; 11,[2361.0, 230.0]; 12,[1157.5, 261.5]; 13,[2146.5, 477.0]; 14,[1977.0, 161.0]; 15,[1347.0, 457.0]; 16,[2401.0, 520.5]; 17,[129.5, 165.5]; 18,[1204.5, 350.0]; 19,[1634.5, 149.0]; 
1,[1074.0, 420.0]; 2,[2392.5, 24.0]; 3,[20.0, 530.5]; 5,[1925.5, 26.0]; 6,[2013.5, 46.5]; 7,[1460.0, 146.5]; 8,[716.5, 323.5]; 9,[1207.5, 213.5]; 10,[1154.0, 1299.5]; 11,[2361.0, 228.0]; 12,[1147.0, 263.0]; 13,[2147.0, 477.0]; 14,[1983.0, 159.5]; 15,[1352.0, 455.5]; 16,[2399.0, 521.0]; 17,[125.0, 167.5]; 18,[1213.5, 348.5]; 19,[1628.0, 148.0]; 
1,[1080.5, 417.0]; 2,[2398.0, 22.5]; 3,[18.0, 527.5]; 5,[1919.5, 27.0]; 6,[2008.5, 46.0]; 7,[1455.5, 147.5]; 8,[715.0, 325.5]; 9,[1199.5, 215.0]; 10,[1160.5, 1296.0]; 11,[2360.0, 225.0]; 12,[1139.5, 265.5]; 13,[2147.5, 477.0]; 14,[1990.5, 159.0]; 15,[1356.0, 454.5]; 16,[2397.0, 521.5]; 17,[122.0, 169.0]; 18,[1222.5, 348.0]; 19,[1621.5, 148.5]; 
1,[1087.0, 414.5]; 2,[2406.0, 21.0]; 3,[17.0, 530.0]; 5,[1915.5, 27.5]; 6,[2000.5, 46.0]; 7,[1449.5, 149.0]; 8,[714.0, 327.0]; 9,[1193.0, 217.5]; 10,[1167.5, 1292.0]; 11,[2360.5, 223.0]; 12,[1133.0, 268.0]; 13,[2147.5, 476.5]; 14,[1997.0, 157.5]; 15,[1363.0, 454.0]; 16,[2394.5, 522.5]; 17,[118.5, 171.0]; 18,[1231.0, 341.5]; 19,[1615.0, 149.0]; 21,[1616.5, 147.5]; 
1,[1094.5, 411.0]; 2,[2410.5, 18.5]; 3,[16.0, 526.0]; 5,[1911.0, 28.0]; 6,[1995.5, 46.5]; 7,[1442.0, 151.0]; 8,[711.5, 328.5]; 9,[1187.0, 220.5]; 10,[1175.0, 1288.5]; 11,[2360.0, 220.5]; 12,[1125.5, 269.5]; 13,[2148.0, 476.5]; 14,[2003.0, 154.0]; 15,[1368.5, 453.0]; 16,[2391.5, 523.0]; 17,[113.5, 171.5]; 18,[1240.0, 337.5]; 19,[1609.0, 149.0]; 21,[1612.0, 150.0]; 22,[1787.5, 118.0]; 
1,[1104.0, 409.5]; 2,[2414.5, 17.0]; 3,[15.0, 521.5]; 5,[1907.0, 28.0]; 6,[1991.0, 47.5]; 7,[1434.5, 153.5]; 8,[712.5, 330.0]; 9,[1182.0, 224.0]; 10,[1182.0, 1284.5]; 11,[2360.0, 218.5]; 12,[1116.0, 272.0]; 13,[2148.5, 477.0]; 14,[2010.5, 150.0]; 15,[1374.5, 453.0]; 16,[2388.0, 522.5]; 17,[110.0, 172.0]; 18,[1248.0, 335.0]; 19,[1602.5, 149.5]; 21,[1607.0, 150.5]; 22,[1783.5, 118.0]; 23,[1977.5, 42.0]; 
1,[1113.5, 407.5]; 2,[2418.0, 16.0]; 3,[14.0, 517.5]; 5,[1894.5, 35.5]; 6,[1977.5, 46.0]; 7,[1428.0, 155.0]; 8,[713.5, 332.0]; 9,[1177.0, 226.0]; 10,[1189.0, 1281.0]; 11,[2360.5, 217.0]; 12,[1105.5, 273.0]; 13,[2148.0, 478.0]; 14,[2017.0, 148.5]; 15,[1378.0, 448.5]; 16,[2385.5, 522.5]; 17,[107.5, 173.5]; 18,[1257.0, 333.5]; 19,[1596.0, 150.0]; 21,[1602.0, 151.5]; 22,[1774.5, 113.5]; 
1,[1120.0, 405.5]; 2,[2422.5, 14.5]; 3,[13.0, 513.5]; 5,[1889.5, 37.0]; 6,[1973.0, 49.0]; 7,[1423.5, 156.5]; 8,[701.5, 345.5]; 9,[1171.5, 227.5]; 10,[1197.5, 1277.5]; 11,[2360.0, 215.0]; 12,[1096.0, 273.5]; 13,[2148.5, 477.5]; 14,[2023.5, 146.5]; 15,[1382.5, 447.0]; 16,[2383.0, 522.5]; 17,[105.0, 175.5]; 18,[1264.5, 332.0]; 19,[1590.0, 150.5]; 21,[1592.5, 153.5]; 22,[1768.5, 115.0]; 
1,[1127.5, 403.5]; 2,[2428.0, 13.5]; 3,[12.0, 509.5]; 5,[1886.0, 37.5]; 6,[1971.5, 54.0]; 7,[1417.0, 159.0]; 8,[705.0, 339.0]; 9,[1164.5, 228.5]; 10,[1205.0, 1273.5]; 11,[2360.0, 213.0]; 12,[1089.0, 276.5]; 13,[2149.0, 478.0]; 14,[2029.5, 144.5]; 15,[1388.0, 446.0]; 16,[2380.0, 523.0]; 17,[99.5, 177.5]; 18,[1270.5, 329.5]; 19,[1583.5, 151.0]; 21,[1584.0, 154.0]; 22,[1761.5, 117.5]; 
1,[1135.5, 402.0]; 2,[2435.0, 12.0]; 3,[10.5, 505.0]; 5,[1881.0, 39.0]; 6,[1970.0, 58.5]; 7,[1409.5, 160.0]; 8,[703.0, 335.0]; 9,[1157.0, 229.0]; 10,[1210.0, 1269.0]; 11,[2360.0, 210.5]; 12,[1081.0, 277.5]; 13,[2149.0, 478.5]; 14,[2036.0, 142.5]; 15,[1392.5, 444.5]; 16,[2376.5, 524.5]; 17,[96.0, 179.0]; 18,[1278.0, 327.0]; 19,[1577.0, 151.5]; 21,[1577.0, 157.0]; 22,[1755.5, 120.0]; 24,[2711.5, 622.5]; 25,[2098.5, 409.5]; 
1,[1143.0, 400.5]; 2,[2440.5, 11.5]; 3,[9.5, 501.0]; 5,[1877.5, 36.5]; 6,[1966.5, 60.5]; 7,[1404.0, 161.5]; 8,[701.0, 335.5]; 9,[1148.0, 231.5]; 10,[1214.5, 1265.5]; 11,[2359.5, 209.5]; 12,[1071.5, 279.5]; 13,[2149.0, 478.5]; 14,[2042.5, 140.5]; 15,[1399.5, 444.0]; 16,[2373.0, 525.0]; 17,[91.5, 181.5]; 18,[1286.0, 325.5]; 19,[1570.5, 151.5]; 21,[1572.0, 156.5]; 22,[1750.0, 121.0]; 24,[2710.0, 621.0]; 25,[2098.0, 409.5]; 
1,[1151.0, 399.5]; 2,[2445.5, 11.5]; 3,[8.5, 497.0]; 5,[1873.0, 37.5]; 6,[1963.5, 64.0]; 7,[1400.0, 163.0]; 8,[698.5, 336.0]; 9,[1141.5, 233.0]; 10,[1222.0, 1261.0]; 11,[2359.0, 207.5]; 12,[1063.0, 282.5]; 13,[2149.0, 479.0]; 14,[2049.0, 131.5]; 15,[1405.0, 442.5]; 16,[2369.5, 525.5]; 17,[87.5, 183.5]; 18,[1295.0, 324.0]; 19,[1564.5, 152.0]; 21,[1566.0, 157.5]; 22,[1743.0, 124.0]; 24,[2709.0, 620.0]; 25,[2098.0, 409.5]; 
1,[1155.5, 396.5]; 2,[2450.5, 10.0]; 3,[7.5, 493.0]; 5,[1868.0, 38.5]; 6,[1959.5, 66.0]; 7,[1395.5, 164.5]; 8,[696.0, 337.0]; 9,[1137.0, 234.5]; 10,[1229.5, 1257.0]; 11,[2359.5, 205.5]; 12,[1053.0, 285.5]; 13,[2149.5, 479.0]; 14,[2056.5, 130.5]; 15,[1409.0, 441.0]; 16,[2366.0, 526.0]; 17,[84.0, 185.0]; 18,[1303.0, 322.0]; 19,[1558.0, 152.5]; 21,[1561.5, 159.5]; 22,[1738.0, 127.5]; 24,[2706.5, 619.5]; 25,[2099.5, 410.0]; 
1,[1164.0, 393.5]; 2,[2453.5, 8.5]; 3,[6.5, 488.5]; 5,[1863.0, 39.5]; 6,[1955.0, 68.0]; 7,[1390.0, 166.0]; 8,[693.5, 337.5]; 9,[1131.5, 236.0]; 10,[1238.5, 1252.5]; 11,[2359.5, 204.5]; 12,[1043.0, 287.5]; 13,[2149.5, 479.0]; 14,[2063.5, 128.5]; 15,[1416.0, 439.0]; 16,[2363.0, 527.0]; 17,[80.0, 191.0]; 18,[1312.5, 320.0]; 19,[1551.5, 153.0]; 21,[1554.5, 160.0]; 22,[1732.0, 129.0]; 24,[2705.5, 619.0]; 25,[2101.0, 410.5]; 
1,[1173.5, 392.0]; 2,[2458.0, 7.5]; 3,[5.5, 484.5]; 5,[1858.5, 40.5]; 6,[1950.5, 70.5]; 7,[1383.5, 169.0]; 8,[691.0, 338.5]; 9,[1126.5, 237.5]; 10,[1246.0, 1247.5]; 11,[2360.5, 203.0]; 12,[1034.0, 289.5]; 13,[2150.5, 479.0]; 14,[2070.5, 127.0]; 15,[1420.0, 438.0]; 16,[2359.5, 527.5]; 17,[76.5, 194.5]; 18,[1319.0, 318.0]; 19,[1545.5, 153.5]; 21,[1548.5, 162.0]; 22,[1727.0, 130.5]; 24,[2704.0, 618.5]; 25,[2102.5, 411.0]; 
1,[1183.0, 390.0]; 2,[2463.0, 6.0]; 3,[4.5, 480.5]; 5,[1853.5, 41.0]; 6,[1946.5, 72.5]; 7,[1377.5, 171.0]; 8,[688.5, 339.0]; 9,[1120.0, 244.0]; 10,[1252.5, 1244.0]; 11,[2360.5, 201.0]; 12,[1025.5, 290.5]; 13,[2151.0, 480.0]; 14,[2077.0, 124.5]; 15,[1423.5, 437.0]; 16,[2357.5, 527.5]; 17,[73.0, 197.5]; 18,[1326.0, 315.5]; 19,[1539.0, 165.0]; 21,[1542.5, 163.0]; 22,[1721.5, 128.0]; 24,[2703.0, 617.5]; 25,[2103.5, 412.5]; 26,[2464.5, 6.0]; 27,[2710.0, 601.0]; 
1,[1191.5, 387.0]; 2,[2467.5, 5.0]; 3,[3.5, 476.5]; 5,[1848.5, 42.0]; 6,[1942.0, 74.5]; 7,[1372.5, 173.0]; 8,[686.0, 340.0]; 9,[1112.5, 247.0]; 10,[1260.0, 1241.5]; 11,[2360.0, 200.0]; 12,[1019.0, 296.5]; 13,[2151.0, 480.5]; 14,[2084.0, 122.5]; 15,[1427.0, 435.5]; 16,[2354.5, 528.0]; 17,[70.0, 199.5]; 18,[1334.0, 312.5]; 19,[1534.0, 165.0]; 21,[1537.0, 164.0]; 22,[1715.5, 129.0]; 24,[2703.0, 616.5]; 25,[2104.5, 413.0]; 
1,[1198.5, 384.0]; 2,[2472.5, 3.5]; 3,[2.5, 472.0]; 5,[1843.5, 43.0]; 6,[1938.0, 76.5]; 7,[1367.0, 174.0]; 8,[683.5, 340.5]; 9,[1105.0, 248.5]; 10,[1266.5, 1239.0]; 11,[2360.0, 198.0]; 12,[1009.0, 299.0]; 13,[2151.0, 482.0]; 14,[2088.0, 121.5]; 15,[1430.5, 433.0]; 16,[2350.5, 528.5]; 17,[66.5, 201.0]; 18,[1344.0, 309.0]; 19,[1527.5, 168.5]; 21,[1531.0, 165.5]; 22,[1711.5, 137.5]; 24,[2702.0, 614.5]; 25,[2105.5, 413.5]; 
1,[1207.0, 383.0]; 2,[2477.0, 2.5]; 3,[1.0, 468.0]; 5,[1839.5, 44.0]; 6,[1933.5, 78.5]; 7,[1362.0, 175.0]; 8,[681.0, 341.0]; 9,[1100.5, 251.0]; 10,[1273.0, 1236.5]; 11,[2360.5, 196.5]; 12,[1000.5, 300.5]; 13,[2151.5, 482.5]; 14,[2095.5, 121.5]; 15,[1434.0, 433.0]; 16,[2348.5, 529.0]; 17,[62.0, 202.0]; 18,[1353.0, 306.0]; 19,[1522.5, 168.5]; 21,[1525.0, 166.5]; 22,[1706.0, 139.5]; 24,[2702.5, 605.0]; 25,[2106.5, 414.0]; 28,[2052.5, 45.0]; 29,[2179.5, 10.0]; 
1,[1214.0, 381.5]; 2,[2482.0, 1.5]; 3,[0.0, 464.0]; 5,[1835.0, 45.0]; 6,[1929.0, 81.0]; 7,[1354.0, 176.5]; 8,[678.5, 342.0]; 9,[1092.0, 255.5]; 10,[1279.0, 1231.0]; 11,[2361.5, 195.0]; 12,[994.0, 302.0]; 13,[2152.0, 483.0]; 14,[2101.5, 118.0]; 15,[1439.0, 431.0]; 16,[2346.5, 530.0]; 17,[58.0, 203.0]; 18,[1362.5, 304.5]; 19,[1514.0, 171.5]; 21,[1519.0, 168.0]; 22,[1700.5, 141.0]; 24,[2701.5, 600.0]; 25,[2107.5, 414.5]; 28,[2048.0, 42.5]; 
1,[1221.5, 380.0]; 2,[2486.5, 0.0]; 3,[-0.5, 460.0]; 5,[1830.0, 46.0]; 6,[1925.0, 83.0]; 7,[1347.5, 178.0]; 8,[676.0, 342.5]; 9,[1085.0, 256.5]; 10,[1284.0, 1227.5]; 11,[2362.0, 193.0]; 12,[985.0, 304.5]; 13,[2152.5, 483.5]; 14,[2108.0, 116.0]; 15,[1444.0, 430.0]; 16,[2343.5, 530.5]; 17,[54.5, 204.0]; 18,[1368.5, 303.5]; 19,[1508.5, 176.5]; 21,[1513.0, 169.0]; 22,[1687.5, 142.5]; 24,[2700.0, 598.5]; 25,[2108.5, 415.0]; 28,[2045.0, 42.0]; 
1,[1228.0, 378.0]; 2,[2491.5, -0.5]; 3,[-1.5, 456.0]; 5,[1825.5, 47.0]; 6,[1920.5, 85.0]; 7,[1343.0, 180.0]; 8,[673.5, 343.5]; 9,[1077.5, 256.5]; 10,[1290.5, 1223.5]; 11,[2363.0, 191.5]; 12,[974.5, 308.0]; 13,[2151.5, 484.0]; 14,[2114.5, 114.0]; 15,[1449.5, 428.5]; 16,[2340.0, 531.0]; 17,[48.0, 204.0]; 18,[1376.5, 303.0]; 19,[1502.5, 179.0]; 21,[1507.0, 170.0]; 22,[1681.0, 143.0]; 24,[2698.0, 596.5]; 25,[2109.5, 415.5]; 28,[2043.5, 41.5]; 30,[1899.5, 75.5]; 
1,[1236.5, 374.0]; 2,[2496.0, -2.0]; 3,[-2.5, 451.5]; 5,[1820.5, 48.0]; 6,[1891.5, 77.0]; 7,[1336.5, 181.5]; 8,[671.0, 344.0]; 9,[1068.5, 258.0]; 10,[1298.0, 1218.5]; 11,[2363.0, 186.5]; 12,[963.5, 308.5]; 13,[2152.0, 485.0]; 14,[2121.0, 112.0]; 15,[1456.0, 426.5]; 16,[2336.5, 531.5]; 17,[44.0, 205.0]; 18,[1383.5, 301.5]; 19,[1497.0, 181.0]; 21,[1501.5, 171.5]; 22,[1674.5, 144.5]; 24,[2696.0, 595.5]; 25,[2110.5, 416.0]; 28,[2042.0, 41.5]; 
1,[1243.5, 372.0]; 2,[2501.0, -3.0]; 3,[-3.5, 447.5]; 5,[1816.0, 49.0]; 6,[1885.5, 78.5]; 7,[1330.5, 182.5]; 8,[668.5, 344.5]; 9,[1062.5, 260.0]; 10,[1304.0, 1214.5]; 11,[2364.0, 183.5]; 12,[952.5, 310.5]; 13,[2152.0, 486.0]; 14,[2127.5, 110.0]; 15,[1460.5, 424.5]; 16,[2334.5, 532.0]; 17,[42.0, 206.5]; 18,[1391.5, 300.0]; 19,[1488.0, 193.5]; 21,[1495.5, 172.5]; 22,[1668.0, 146.0]; 24,[2694.5, 595.5]; 25,[2111.5, 416.5]; 28,[2040.0, 41.0]; 
1,[1250.0, 368.5]; 2,[2505.5, -4.5]; 3,[-4.5, 443.5]; 5,[1811.0, 50.0]; 6,[1879.5, 79.5]; 7,[1326.0, 183.0]; 8,[666.0, 345.5]; 9,[1058.0, 260.5]; 10,[1311.5, 1210.5]; 11,[2364.5, 180.5]; 12,[939.5, 312.0]; 13,[2152.0, 486.5]; 14,[2134.0, 108.0]; 15,[1468.0, 425.0]; 16,[2332.5, 532.0]; 17,[38.0, 207.0]; 18,[1399.0, 298.0]; 19,[1480.5, 199.0]; 21,[1489.5, 173.5]; 22,[1664.5, 148.0]; 24,[2692.0, 593.5]; 25,[2112.5, 417.0]; 28,[2038.5, 40.5]; 
1,[1258.5, 366.0]; 2,[2510.5, -5.5]; 3,[-5.5, 439.5]; 5,[1806.0, 50.5]; 6,[1873.5, 81.0]; 7,[1320.0, 183.5]; 8,[663.5, 346.0]; 9,[1050.0, 262.5]; 10,[1320.0, 1207.0]; 11,[2366.5, 178.0]; 12,[929.0, 314.0]; 13,[2152.0, 487.0]; 14,[2140.0, 106.0]; 15,[1472.5, 424.0]; 16,[2329.5, 533.0]; 17,[34.5, 209.0]; 18,[1406.0, 296.5]; 19,[1474.0, 200.0]; 21,[1483.5, 175.0]; 22,[1658.0, 150.0]; 24,[2687.5, 592.5]; 25,[2113.5, 417.5]; 28,[2036.5, 40.0]; 
1,[1265.0, 363.5]; 2,[2515.0, -6.5]; 3,[-6.5, 435.0]; 5,[1801.5, 51.5]; 6,[1867.5, 82.5]; 7,[1313.0, 184.5]; 8,[661.0, 347.0]; 9,[1041.0, 262.5]; 10,[1328.5, 1203.5]; 11,[2367.5, 176.0]; 12,[920.0, 317.0]; 13,[2151.5, 487.5]; 14,[2146.5, 104.0]; 15,[1477.5, 422.0]; 16,[2326.0, 534.0]; 17,[31.5, 212.5]; 18,[1415.5, 296.0]; 19,[1467.5, 203.0]; 21,[1477.5, 176.0]; 22,[1652.0, 151.5]; 24,[2684.0, 591.0]; 25,[2114.5, 418.5]; 28,[2035.0, 39.5]; 
1,[1272.0, 362.5]; 2,[2520.0, -8.0]; 3,[-8.0, 431.0]; 5,[1796.5, 52.5]; 6,[1861.5, 84.0]; 7,[1305.0, 184.5]; 8,[658.5, 347.5]; 9,[1035.0, 262.5]; 10,[1336.5, 1201.0]; 11,[2368.5, 174.0]; 12,[911.5, 320.5]; 13,[2151.5, 487.5]; 14,[2153.0, 102.0]; 15,[1483.0, 420.5]; 16,[2322.0, 535.0]; 17,[28.0, 215.5]; 18,[1424.5, 291.5]; 19,[1461.0, 200.0]; 21,[1471.5, 177.5]; 22,[1646.0, 153.5]; 24,[2681.0, 590.5]; 25,[2115.5, 419.0]; 28,[2033.5, 39.0]; 
1,[1280.5, 360.0]; 2,[2524.5, -9.0]; 3,[-9.0, 427.0]; 5,[1792.0, 53.5]; 6,[1855.5, 85.0]; 7,[1301.0, 190.5]; 8,[656.0, 348.0]; 9,[1028.0, 264.0]; 10,[1343.5, 1197.0]; 11,[2370.5, 172.5]; 12,[904.5, 322.5]; 13,[2151.5, 488.0]; 14,[2159.5, 100.0]; 15,[1487.0, 419.0]; 16,[2319.0, 536.0]; 17,[24.5, 218.5]; 18,[1432.0, 288.5]; 19,[1456.5, 201.5]; 21,[1466.0, 178.5]; 22,[1640.0, 155.0]; 24,[2678.0, 590.0]; 25,[2116.5, 419.5]; 28,[2031.5, 38.5]; 
1,[1289.5, 358.0]; 2,[2529.5, -10.5]; 3,[-10.0, 423.0]; 5,[1787.0, 54.5]; 6,[1849.5, 86.5]; 7,[1297.0, 192.5]; 8,[653.5, 349.0]; 9,[1019.5, 267.5]; 10,[1349.5, 1193.0]; 11,[2371.5, 170.5]; 12,[897.0, 325.0]; 13,[2151.5, 488.0]; 14,[2166.0, 98.0]; 15,[1493.0, 417.0]; 16,[2316.5, 536.5]; 17,[20.5, 222.0]; 18,[1439.0, 286.0]; 19,[1450.5, 202.0]; 21,[1460.0, 179.5]; 22,[1634.0, 157.0]; 24,[2675.0, 588.0]; 25,[2117.5, 420.0]; 28,[2030.0, 38.0]; 31,[1856.5, 91.0]; 
1,[1297.0, 356.0]; 2,[2534.0, -11.5]; 3,[-11.0, 418.5]; 5,[1782.5, 55.5]; 6,[1843.5, 88.0]; 7,[1293.5, 192.5]; 8,[651.0, 349.5]; 9,[1014.0, 268.5]; 10,[1356.0, 1189.0]; 11,[2372.0, 169.0]; 12,[886.5, 324.5]; 13,[2152.0, 488.5]; 14,[2172.5, 95.5]; 15,[1497.0, 413.5]; 16,[2313.0, 537.0]; 17,[17.0, 224.0]; 18,[1448.0, 283.0]; 19,[1444.5, 201.5]; 21,[1454.0, 181.0]; 22,[1628.0, 158.5]; 24,[2673.0, 585.0]; 25,[2118.0, 420.5]; 28,[2028.0, 37.5]; 31,[1846.0, 90.5]; 
1,[1303.5, 354.0]; 2,[2539.0, -12.5]; 3,[-12.0, 414.5]; 5,[1777.5, 56.0]; 6,[1837.0, 89.5]; 7,[1286.0, 194.0]; 8,[648.5, 350.5]; 9,[1007.0, 269.5]; 10,[1363.0, 1186.5]; 11,[2373.0, 167.0]; 12,[878.0, 326.5]; 13,[2151.0, 488.5]; 14,[2179.0, 93.5]; 15,[1501.0, 411.0]; 16,[2309.5, 537.0]; 17,[13.5, 226.0]; 18,[1457.5, 279.5]; 19,[1438.0, 201.0]; 21,[1448.0, 182.0]; 22,[1621.5, 160.5]; 24,[2671.5, 584.0]; 25,[2119.0, 421.0]; 28,[2026.5, 37.0]; 31,[1839.0, 91.5]; 32,[15.0, 223.0]; 
1,[1311.0, 350.5]; 2,[2543.5, -14.0]; 3,[-13.0, 410.5]; 5,[1772.5, 57.0]; 6,[1831.0, 90.5]; 7,[1277.0, 196.0]; 8,[646.0, 351.0]; 9,[1001.0, 270.0]; 10,[1369.0, 1184.5]; 11,[2374.0, 166.0]; 12,[868.0, 328.5]; 13,[2151.0, 489.0]; 14,[2185.5, 91.5]; 15,[1506.0, 409.0]; 16,[2305.5, 538.0]; 17,[9.5, 228.5]; 18,[1461.5, 278.5]; 19,[1431.5, 202.5]; 21,[1427.5, 201.5]; 22,[1615.5, 162.0]; 24,[2664.5, 585.5]; 25,[2120.0, 421.5]; 28,[2025.0, 36.5]; 31,[1834.5, 92.0]; 32,[13.0, 224.0]; 
1,[1318.0, 349.5]; 2,[2548.5, -15.0]; 3,[-14.0, 406.5]; 5,[1768.0, 58.0]; 6,[1825.0, 92.0]; 7,[1270.5, 196.5]; 8,[643.5, 352.0]; 9,[996.0, 270.5]; 10,[1374.0, 1179.5]; 11,[2376.0, 163.0]; 12,[858.5, 330.0]; 13,[2151.0, 489.5]; 14,[2191.5, 89.5]; 15,[1511.0, 407.5]; 16,[2302.5, 538.5]; 17,[6.0, 230.5]; 18,[1468.5, 277.5]; 19,[1425.0, 204.5]; 21,[1421.5, 204.0]; 22,[1609.5, 164.0]; 24,[2661.0, 584.5]; 25,[2121.0, 422.0]; 28,[2023.0, 36.5]; 31,[1821.5, 91.0]; 32,[11.5, 225.5]; 
1,[1324.0, 348.0]; 2,[2553.0, -16.5]; 5,[1763.0, 59.0]; 6,[1819.0, 93.5]; 7,[1264.0, 197.5]; 8,[641.0, 352.5]; 9,[988.5, 273.5]; 10,[1378.5, 1176.0]; 11,[2376.0, 160.0]; 12,[849.0, 332.0]; 13,[2151.5, 489.5]; 14,[2198.0, 87.5]; 15,[1514.5, 408.0]; 16,[2299.0, 539.0]; 17,[2.5, 232.5]; 18,[1475.0, 275.5]; 19,[1419.0, 206.0]; 21,[1416.5, 205.0]; 22,[1603.5, 165.5]; 24,[2659.0, 583.5]; 25,[2122.0, 422.5]; 28,[2021.5, 36.0]; 31,[1814.0, 91.0]; 32,[9.5, 226.5]; 33,[2100.5, 19.5]; 